
Apr 30, 2018	4	790
Apr 30, 2018	5	790
May 2, 2018	2	982
May 3, 2018	2	1520
May 4, 2018	2	0
May 4, 2018	2	1155
May 5, 2018	2	7632
May 5, 2018	3	7632
May 5, 2018	2	2133
May 5, 2018	3	2133
May 5, 2018	2	789
May 6, 2018	2	280
May 6, 2018	3	758
May 6, 2018	4	0
May 6, 2018	5	910
May 6, 2018	2	162
May 6, 2018	3	1155
May 6, 2018	4	1455
07-39-2018	2	102
07-39-2018	3	280
07-44-2018	2	455
07-05-2018	1	630
07-05-2018	1	540
07-05-2018	1	1280
07-05-2018	1	530
07-05-2018	1	825
08-05-2018	1	12
08-05-2018	1	16
08-05-2018	2	0
08-05-2018	1	10
08-05-2018	2	215
08-05-2018	3	104
08-05-2018	1	1375
08-05-2018	1	1510
08-05-2018	2	708
08-05-2018	1	1224
09-05-2018	1	630
09-05-2018	2	1110
09-05-2018	3	945
09-05-2018	2	500
10-05-2018	2	400
10-05-2018	3	1200
10-05-2018	2	0
10-05-2018	3	390
10-05-2018	4	680
10-05-2018	5	150
10-05-2018	6	125
10-05-2018	7	10
10-05-2018	8	300
10-05-2018	9	45
10-05-2018	10	1250
11-05-2018	2	250
11-05-2018	3	450
12-05-2018	2	0
12-05-2018	3	4
12-05-2018	4	250
12-05-2018	2	0
12-05-2018	2	150
12-05-2018	2	150
12-05-2018	3	10
12-05-2018	2	10
12-05-2018	2	250
12-05-2018	2	250
12-05-2018	2	100
12-05-2018	3	10
13-05-2018	2	100
15-05-2018	2	420
15-05-2018	2	220
15-05-2018	2	1160
15-05-2018	3	500
15-05-2018	4	575
16-05-2018	1	100
16-05-2018	2	850
16-05-2018	3	300
17-05-2018	1	300
17-05-2018	7	50
14-05-2018	1	500
14-05-2018	2	250
14-05-2018	3	640
14-05-2018	4	16640
14-05-2018	5	720
14-05-2018	6	260
16-05-2018	4	657
17-05-2018	6	0
17-05-2018	7	120
17-05-2018	8	360
17-05-2018	9	15
17-05-2018	10	0
18-05-2018	1	1650
18-05-2018	2	75
27-05-2018	0	380
27-05-2018	1	950
27-05-2018	2	380
27-05-2018	3	570
27-05-2018	4	760
01-06-2018	1	280
01-06-2018	2	600
01-06-2018	3	60
06-06-2018	3	150
18-06-2018	1	75
15-08-2019	2	120